 -0.9031905092581938 0.6955467040408522
 -0.9794823057120152 -0.9468430948136827
 0.8692804672160928 -0.8451724525725457
 -0.003837899231164732 0.0774539751006788
 0.7813231407841839 -0.5649100505471089
 0.7468739386692933 1.083211142904028
 0.9994697777912949 -0.9813604605971391
 0.12970131192116313 -0.1756619523802898
 -0.1605556251547976 -0.13797818767490405
 0.8600970623108415 -0.6619624236329554
 0.9840112540545629 -0.8590830010205437
 0.7551551556752245 1.0302161467610709
 0.04094769037151769 0.20010104814765978
 -0.6907762905196122 0.5385334918503079
 -0.200304219549661 -0.04928764526130508
 -0.5887716098537724 0.9098156131162725
 -1.0771701144176693 0.7119430969817601
 -0.8851241865666802 0.5821777808074406
 0.9888344976596375 -0.7863691977402624
 1.0756559252135998 0.9794006669931091
 0.20174710238829235 0.15208261160381015
 0.9224043729334779 -0.863525774222252
 1.039879084137104 -0.9755462322211665
 0.68481886152694 -0.8940691057446052
 -0.09838835220673417 0.08442399906578124
 -0.6156429415180571 0.8891766785410264
 0.5382193046953472 0.7590270835678476
 -0.8292283114681467 -0.8380799336420568
 0.7967805553154879 0.7535292143449395
 -0.187904898650688 -0.2772245899906909
 0.7290948888251202 -0.9751686145476824
 0.8394676290499197 -0.7113251125366822
 0.7434800996780728 0.5049816888629063
 0.26506051479720266 0.28613868351034316
 -0.6278888595241644 0.8734749335098866
 -1.0109922096340036 -0.82840968820727
 -0.9154537941841197 -0.6378467805474939
 0.9208482401452887 -0.9729822749611525
 -0.6191655840679089 -0.5001866034305196
 1.0826094623801361 -1.009381482202946
 -0.8584507063575245 0.6211894877942816
 0.22156816992684342 -0.25055410383143134
 -0.6014375281756225 -0.7550910346356849
 0.6568386341950738 0.6726412968775531
 -0.5322878492478893 -0.7348176463024825
 -0.5131722666580282 -0.554883658072851
 0.7212252466863159 0.9878863859061289
 0.8743167216963943 0.9116639308643864
 0.7427032647205382 1.017110998486376
 0.7123397889495114 -0.9935595976143377
 0.7165789189928728 -1.091959091282871
 -0.985630540551529 0.89556593115251
 0.0485606891061206 -0.14375359543807523
 -0.5039709521577818 -0.5955659028881309
 0.6883167191268652 -0.7341622506992177
 -0.5934797208022782 0.6483673888364796
 -0.884272002671372 0.529008931199456
 -1.086665904109919 -0.9988466422060266
 -0.7200796265131344 -0.9432714651526781
 -0.6465275347766292 -1.0095708471496065
 0.7576917541671007 -0.601398882838426
 -0.7823838106540535 0.8704121573041603
 0.8936785143957315 0.6940520298670155
 0.5720001068506687 -0.7070755862200213
 -1.0632923777225403 0.6900349171771717
 0.9568041774460552 0.8034147646053534
 -0.6433716715207367 -0.6876073543471681
 0.7153814365897572 0.8185507454634973
 -1.0803153577002493 0.5267847349081062
 0.603434477237973 -1.0857375777352827
 0.5319348553838977 -0.818679156093024
 -0.6855584179659293 0.7530738102308548
 0.7690140056525969 0.6499159111021868
 0.5414248966189271 0.6512459385648421
 1.0624911332884446 -0.610784012777889
 -0.75146649462639 -0.8660056173482168
 -1.0798869533729536 -0.5176696622513519
 -0.6094282952396046 -0.7995897178976756
 -0.6971807556121707 -0.967790868964467
 0.15955805075183765 -0.2730320014532051
 0.061381587349809086 -0.029687560596060925
 0.030031463205015707 -0.0694001405590241
 -0.5076503702080064 -1.0056579576918296
 0.5330646288073951 0.5252932163955035
 0.13115357522309257 -0.2673442552730074
 0.7087019272680979 1.034081619295511
 -0.2438867003702602 -0.12820242871229215
 -0.27314289701752537 0.1777709925907907
 0.8968007414748801 -0.921314631670911
 0.8404268137773785 -1.0016098719614024
 0.7893017232887428 1.0820527027108202
 0.9471440252503476 -0.9256454823905211
 0.1719654539695739 -0.21259120301074164
 0.2564718773955286 0.23606636039493328
 0.8569528850953141 0.7241280383753766
 -0.5883934823874548 0.5423929797671376
 0.6501476220351573 -0.8064957209145688
 0.6082863038856189 1.004538406011838
 -0.8502272510724902 -1.0160870350054012
 -1.0219013934645529 -0.5034004839800612
 -0.7156633848470559 0.5435943662115679
 -0.13471721360638444 -0.23360148483281234
 -0.29127248069261047 -0.05944379816518175
 -0.8175228752104631 0.9845821960288583
 0.8752316866763985 -0.8952389389749871
 -0.8260676587791544 -0.9845819388862745
 -1.0221944904401905 -0.5673529219962983
 0.17022707278250404 -0.005512080897087768
 -0.5287509700859959 0.7280912369278185
 -0.050552829468626215 0.05200491206280178
 0.24758534843677232 0.044725136790563
 -0.8389343986133577 0.713979001459043
 1.0876881269607888 0.7870424445966049
 -0.804098891051912 -0.848808242361929
 0.6719514921933634 -1.0020098616316233
 -0.7842923178290392 -0.5230917022606085
 0.6145579634127825 0.9959168044662612
 -0.9772961431514732 -0.8735042836305407
 -0.09259709673650551 0.17494070915609983
 0.8238384524905009 -1.061034406131173
 1.082725814157682 1.095744215072658
 -1.000144624567764 0.5169103007231647
 -0.748766601701304 -1.034002624258953
 -0.9869483508349794 -1.0194815791276037
 0.9718927949819098 -0.6649136348311148
 -0.6460737409159822 0.8868925596753913
 0.5951021814537607 0.8826806638219065
 -0.8365015876148716 1.0546812903197924
 -0.8382913913334631 -1.0632728333497183
 0.08140518190803475 0.07970342940483371
 -0.11749727109009958 -0.13117096200138248
 -1.069630976716941 1.0023159821019747
 0.6605913505583637 -1.0790136131717094
 -0.565169898523084 0.9619625066846229
 0.8083392303313439 0.8386924588077995
 0.16949618418386442 0.13613240531837895
 1.0427862152712977 -0.5782723976793915
 -1.0905939323794256 -0.7922103279900572
 0.6556345647612924 -0.8928401356708165
 -0.6866792641961121 0.95749198625359
 0.7264549634183614 0.829981942125344
 -0.9039610611677125 0.7654250345609436
 0.02781372486539846 0.21081706595804567
 0.891735932521302 0.9680155443041176
 0.9381719537704762 -0.9491351780965893
 1.0544410598882359 0.7339782615020575
 -0.6387067260984656 0.8193406789512256
 -0.038079099143047745 0.22596722585167178
 0.6638916289905019 -0.7885916830778441
 0.6646830841158413 0.7351823830071079
 -0.5937715930858254 -0.6106859332970254
 -0.08823843950437363 0.04206028918801963
 0.9646848755056754 -0.735683133854168
 0.6298335342823073 -1.0472598936572932
 0.14879674943315085 0.2249313744405697
 -0.8099042039916446 -0.8939373379137727
 -1.0538809251044772 1.0064977442107028
 -0.5096255801114199 -0.7018231109624394
 -0.7625153293097552 0.8821079435144301
 1.0042400235073674 -0.5452711025435004
 0.9903756539264351 0.5047797601082683
 1.0463085935939724 -0.6715328207729034
 0.5320234715274856 -1.0099116555731769
 0.5252737737178582 -0.9923649516794667
 -0.5261465037485783 -0.7694475515285841
 -0.754515765467106 -1.0744588029299627
 1.0737743093822099 0.8053840440180297
 -0.6891283364549898 -1.0280722504785251
 -1.0073300550341546 0.7572268785977976
 -1.0220022447417811 0.6197742444926877
 0.6372100443615809 -0.7358072184702207
 -0.6044787400927467 -0.9224273819008512
 0.0430107429088562 0.2774393228550655
 -0.9669323020766014 0.7610709368423495
 0.1642302438071246 0.14905844141827734
 0.5268193900582336 -0.9637415212050304
 0.508582264931382 -0.7006395373736864
 -0.9744097560559314 -0.8530437087973594
 -0.8338309429209518 -0.9297109666679129
 -0.07763975755702174 -0.19583988363148838
 0.5240968053905177 -0.8513265307259437
 0.8235442792233219 0.9916548263317244
 -0.5341665154901789 -0.7447909450508091
 0.773931187733486 -0.523854347823044
 -0.18149593098203676 0.15771323532746434
 -1.0319740660116552 -1.028081131352775
 -0.18603245942980556 -0.12748065466045785
 1.0283198121942765 -0.6613124939079816
 0.07028712655351238 -0.2304900913011082
 0.9752222442636636 0.6023909563136947
 -0.9348736246470171 -0.7913932386662418
 -1.09788380033911 0.578573030035707
 -0.08811228221708892 -0.12852631258621078
 0.7690697089756691 -0.9497871121475634
 -0.07224709769719728 0.2775988594964323
 -0.8813893594695072 1.0599215519177343
 -0.05413637752890427 -0.28314469906776
 -0.019053593510193922 -0.0612190935353471
 0.6962744845838155 -0.9021035460033783
 -0.767929850397731 -0.8043428122356001
 0.7346762365660379 0.7859925238364629
 0.16415691481006084 -0.2908812626231752
 -0.6276780685297008 -0.9752861099335342
 -0.5967458051168761 -0.5631775338275224
 0.5682163400217277 1.024649170766145
 -0.7623416305836327 -0.7663149365864381
 -0.2736821705787374 -0.20880807433950777
 0.7764969106286066 0.5743571660504361
 -0.24520330721989483 -0.14256414019317232
 -0.689467441847514 0.9606710491071109
 -1.008506604232544 -0.5317220802551104
 -0.877721206950455 -1.022917556317172
 -0.539037271706874 -0.982911623906018
 0.8481996419920372 -0.630449222795959
 -0.6824484915244615 -0.7584737218157444
 0.03435876531103316 0.08538195142544663
 -0.7841669012858122 -0.5294023684492329
 0.1466444706287081 0.046120466453387576
 -0.9292577765025068 1.0817063619412361
 1.0587048091226476 0.6872409780558123
 0.24300745253462758 0.1357884386964887
 -1.063711508025958 0.9799331383176246
 -0.743318030554385 0.5118443014887456
 -1.0963313048021575 -0.7209466464482812
 -0.8260280113577773 0.790879333003728
 -0.6071703111038199 -1.0977154187150298
 0.6746719213484096 0.7957770328233357
 0.9516569915474145 -0.9674964439863386
 -0.5100793600648988 0.860500494053186
 -0.7837500098916624 -0.5322388661144697
 -0.8939470015760926 1.0431876431561145
 0.6061165984546627 0.78597870774277
 -0.5196714782039159 0.7133283183164159
 0.05835349800796663 0.14072841692735005
 -0.9697542514090581 0.5789963447401156
 -0.8824873594929654 -1.0453012298458448
 0.7189823723697467 1.0275769254569216
 0.6356246880592977 0.6357755974223225
 0.28511626241479254 0.0184865580889384
 0.5755068708359927 -0.7387501994652077
 -1.0134957779294091 0.9986315598762456
 -1.0287631483806265 -0.8699187965361349
 0.5556970963348488 -1.0300213699672403
 0.6098362771400558 1.0787753077275681
 -0.9444842790753328 0.9945249715693089
 -0.8950394576474804 -0.7457507923745184
 0.9971141259783085 1.0971901053450286
 -0.561887435506837 1.0019520610597696
 -0.6312734302194187 0.5943449177279382
 -0.7050414699255507 -0.8530046361208192
 -0.5598244952895334 0.7232606982103393
 -1.0307487594010594 0.9043356302563781
 0.9696578940047036 -0.9118545675350156
 0.8060239211505971 -1.0188009651242285
 -0.6432919150116677 -0.7144517516728837
 1.0595582151729388 -0.8981894340830199
 -0.8405852374134142 0.5978568799724397
 -0.9596862812631825 -0.6436212043327967
 -0.6710662781814911 -0.6203661984983997
 -0.8609954178652947 -0.798123944399205
 0.9657144535066895 -0.587126013537276
 -1.0143414750686859 0.6982792339506325
 0.7112422531772352 -0.810776155941418
 -1.0873083667523287 -0.9378916047648467
 -0.5356100180647213 1.0379543532051811
 0.6883059994968957 1.0363149225153194
 -0.9294790295335683 -0.8100222113269789
 0.6949188440311239 0.5809248579476964
 -0.2952764886590232 0.2985950389987592
 0.033284598554867706 0.11113387765581861
 -0.9860203036938627 0.8280612397273472
 0.6146699537197909 -0.8220249939782341
 0.8376622555021567 -0.9334558444949979
 1.0007728638011446 -0.7911867536440284
 0.7145106711527744 0.8784174162851872
 1.0454956806522342 0.9535481340644177
 -0.7100943612564088 0.6592756197420504
 0.6386314716337965 0.8285162814627651
 0.666757950354133 0.8859092489610445
 0.2691478921530633 -0.06913699235125531
 0.880947410788675 0.522673717923698
 0.22808934038105416 0.2382825889099956
 0.9107286646090995 0.587496920018809
 -0.967951009865508 1.0191128516159074
 0.08523038109992043 0.07949079771634049
 0.7063754993498179 -0.6639429105816659
 0.7977229870674234 0.9872824011276334
 0.9534856644274297 -0.7807882907640427
 0.6167468901853138 -0.8363529810071351
 0.27075647818953913 0.2454331311247721
 -0.8211494466852924 -0.8382985612090494
 -0.7186157980039678 -1.0858488047258343
 1.0059811657383286 0.9059122040221032
 0.8260793642720283 0.886238308289599
 -0.8281591973480051 -0.8908343930540181
 0.6874744074313046 0.7733170157213243
 -1.0350908701406032 -0.6500186349056385
 -0.9080588407773196 -0.8846659841847073
 0.6635261574750111 -1.0726727978926243
 0.7674630070097902 0.9596814951115058
 0.6504963948636795 0.7454819096134387
 -0.644898113909232 1.0040381571022057
 0.8108003531070131 -0.6257017022802929
 -0.5288903623179797 0.7177692211976856
 0.8773053261817209 -0.7810341956523721
 0.9293651621189827 0.9477741125096472
 0.9485652399999689 0.8244855597366391
 -0.2529593363389272 -0.009391667749223676
 1.0657440821494053 -1.0100207024437815
 -1.0005321425272755 -0.6863410095559683
 0.7886025828735928 0.7905007750160382
 -1.0765019271419023 0.5191234671163094
 0.2947694761725462 -0.13648285528603876
 0.6749675308411948 -0.931376782285437
 -0.0005099867397990177 0.23312705473724876
 0.5895835492508701 0.7888014957848704
 0.5349416500216966 0.8772679956417828
 0.6854094195383387 0.795961006910495
 -1.0075976452236994 0.7655440322211073
 0.8432223785892634 0.5282500398734917
 0.9554739977144604 -0.9035783152282231
 1.0584803635368103 0.8972733713227037
 -0.2014669118640754 -0.08666143722879996
 0.9560353480884114 -0.827174279698211
 -0.5150513091960791 0.6315679749285577
 0.1813019871519661 -0.24249468200851482
 0.6786641538259371 0.673759803387775
 -1.0150014469070394 0.6945007055980229
 -0.6957702055521433 -0.5978694034381359
 -0.015848922627051343 -0.28871839816475187
 0.878387252507178 0.7937442160138637
 -1.0473296344398901 0.7417985029034619
 0.9439682034940002 0.7590319511922583
 0.7234390910147166 -0.8150622425122782
 -0.7243460902797353 1.0070813653658408
 -0.8129284470133522 0.7389782907483207
 -0.5584285016355204 0.5130686999369255
 0.6161801633022593 0.8427881141961788
 -1.0003974803146995 0.6937501258857797
 0.2621675127350939 -0.05608106380320141
 -0.9933438599104623 -0.7788969728483133
 -1.0051256121747623 -0.9415869473537817
 -0.16511699506781158 -0.08539072832768735
 1.006214473989996 0.650186568989721
 -1.0897992935378416 -1.0370771744920768
 0.7658256688833085 0.879894892330195
 -0.9694628080160377 -0.5724022504580035
 -0.5248908228806191 -0.7380144117888574
 0.5672564865245687 -0.9235243112580711
 1.0943281504032576 0.8583001489367038
 0.9572787477773115 0.7102533802372885
 -0.8332204972773769 -1.0171727580522187
 -0.9942836705371991 -0.7641373678417358
 -0.5294836744555651 0.8871195044324678
 -0.6958936525832754 -1.0766911633976426
 -0.6962667462250669 -0.8339079982948641
 -0.19875222459187353 0.23959467007073926
 0.8290691443741613 0.5531194966206316
 -0.9976328780182692 0.5439241319688337
 -0.6357685060702651 0.6160041624098415
 0.2823411983113869 0.1885220075791163
 0.5509186031632808 0.9980536463999153
 -0.040222341893947744 -0.10952051489366901
 -0.9985385480820796 0.5734426858855748
 0.1799190641885446 0.010574110238508128
 0.1009549629295724 -0.06989803377107143
 -0.8192686902331028 -0.8464684333334103
 -1.0979768677510398 0.6945682641104596
 0.9627120169664882 -0.8553277852849707
 -0.9140988122768106 -0.9939791842142502
 -0.21340625890558082 0.0817947883165816
 0.18530272493571692 0.006911309628220785
 -0.9310660254133161 0.9278410441035798
 0.8542540821454047 0.6193821102469894
 -1.0311890810777402 -0.9761855625414515
 0.8516155532369654 0.69836355134181
 -0.13290046138230358 -0.13892964124757193
 -0.16755689570298268 0.12332076909354728
 1.089627493534521 -0.8581657445015446
 -0.6548927513120345 0.6849286036961184
 -0.08456606443413447 -0.14654048449553106
 -0.6671837144608478 0.9636786898949481
 -1.0658212390640611 0.613071950981597
 1.0722198876239917 1.0910532411972234
 0.10212020672096145 -0.1097217314783081
 0.07306145608318915 -0.16801782823827363
 -0.5318659113871524 -0.7267986756532375
 -0.9309285434659813 0.9328424307306787
 0.8270295992911286 0.577247520135132
 -0.8383786997556817 -0.6207681206516951
 0.6706703757512463 -0.5048148803038487
 0.2700275106748699 0.09286837933819025
 0.6635430239667488 0.8246859584117978
 -0.585261400749723 0.5426885525778159
 0.9204663809480833 -0.8480815101149757
 -0.6079109707745218 1.0893873136222358
 0.8616124363510396 -0.9449411097143888
 0.23779561713563185 -0.2485119454588101
 0.5049048267628231 -0.5807092799369274
 -0.7511900413739994 -0.8406271145367291
 -0.7670373250583576 1.0732688929267113
 -0.9008557099638298 1.0825389553325744
 0.1413068246343555 -0.018304850097006387
 -0.7973265215022587 0.5517292402146468
 -0.08929301642980861 -0.0313929168116196
 1.0680460431693315 -0.9823521330605859
 0.08881206684125448 -0.17084236226754174
 0.10799648498748732 -0.1382515614791005
 -0.102364963649577 0.0185066471104135
 0.2384579826346382 0.12332872374403814
 -0.1539646508644274 0.14461449772234075
 0.08779811401101612 0.06109686443882012
 -0.566160799110188 -0.6136171545399031
 0.8610725737247129 -1.0461481060118607
 1.069674174234214 -1.0123033882793275
 -0.6837638992056825 -0.6358977963252597
 0.7079484443375741 -0.6728947803038031
 -0.9920886303646735 -1.0689827492592527
 1.0750779100597803 0.8047748162249402
 0.7174541823832559 0.53576866353215
 0.01651877957030523 -0.005314545177746266
 0.02158233438666246 -0.25649028729526724
 0.7050740349094432 0.8691695189967346
 -0.5091887007860726 -0.5533230393775328
 0.8926050590439354 1.0165323229744767
 0.687737407643204 -0.5026379853316467
 0.11745873308510724 0.04142638855672909
 -0.7071690009917855 0.5770780540002035
 0.6075779928881688 0.8312383810610146
 0.6445559124515619 0.6466906926808946
 0.6129885431418647 0.6008777700176807
 -0.9186187761058515 -0.8141419433541289
 0.9351045768559134 -0.8229768942017931
 0.9323504342798432 -0.8905675458119149
 -0.6887346611087233 -1.009425696181569
 -0.5712137511135725 0.5810646254266998
 -0.5769671455459466 0.8997808888769208
 0.9971566519298561 0.5156712353941788
 -0.58167947500101 0.6408329432295337
 0.5444778542668134 -0.709928595751892
 -0.8544088305129607 1.031027449795321
 -0.028479758344948314 -0.09675987114287463
 0.8261843565725955 -0.5726725473363915
 -0.011322687754475091 0.19084420640378547
 0.6505872859042909 -0.5208369482895068
 0.05577924843235399 0.022215417106439372
 -0.6515483578358664 1.0678674294376196
 0.5122448060163575 0.5470357440054815
 0.7198641957939589 0.8595014978751008
 -0.2420906713868467 -0.1846279499337814
 0.972836308148187 -0.7107887169910725
 0.5549206750561657 -0.590742116364763
 0.2083326706367205 0.039530470806573514
 -0.9111057295612737 0.9290610188086494
 -1.016992436398546 -0.6257798809369223
 0.9858159814372867 0.9047628819303
 -0.8670652861004979 0.6752399371962904
 0.9872412016420344 -0.7692429702085868
 -0.08924309783473042 -0.19948120394511593
 0.5721639567009069 -0.5692111908390074
 -0.5203517235759445 -0.7978114171231265
 -0.06144180071523481 0.21567420269642518
 0.977935795624203 0.8357960109307976
 0.5854915610576903 0.856410024377628
 0.7574050288219036 -0.8405797625229279
 -0.9760935447183982 -0.5887144748199665
 0.9154662425708844 0.6750072731482878
 -0.1196191258643658 -0.09198582548315345
 1.068133622550605 -0.6850411077031368
 -0.5270883377224973 0.6903233961883817
 0.5851063233760624 0.7221207746008629
 0.5591654158192451 0.5855581095814292
 0.6344990656111166 0.6895816162143735
 -0.9047465107271503 -0.9081152325042269
 0.13211208082939296 -0.17155657618854728
 -0.9887448962545174 0.534686627135527
 -0.6480926967331995 -0.9425063953308733
 -0.9691014874746959 0.6720377209679302
 -0.9221283232749135 -0.6240503280955352
 0.7116294714372134 -0.9903023562113942
 -0.8282222923815439 0.8226345574078808
 -0.8042338469583332 -1.0301407919726007
 0.7330694918603281 -0.5215169839635144
 0.2016442764634458 0.014236897120945058
 -1.092272929902291 -0.89375067568626
 0.6508740424499955 1.0767399591215092
 1.0118510859567489 -0.99170716962878
 0.6279367978706593 0.5804194953279955
 -0.9851869371719754 0.5157599854267815
 0.900212858585067 -0.6520557827535746
 -0.6969194074158422 0.7826660659265848
 -0.6856418598228753 0.5030110943575579
 -0.9536049964214555 0.8802875728497769
 0.9044548890388013 -0.890992285914247
 -0.6622656305444834 0.5069186863086699
 -0.7310911415758694 0.5744531060251385
 -0.026580004262042323 0.04729750596228921
 0.5120801717813737 -0.9274557405485856
 0.5493423514165738 1.0411392109659272
 -1.007712338151827 -1.0068145152404893
